0.000000 0.000000 0
0.002996 0.009647 0
0.012881 0.015563 0
0.029975 0.004448 0
0.039312 0.009328 0
0.000829 0.050498 0
0.053484 0.028506 0
0.041736 0.057075 0
0.055463 0.058769 0
0.081604 0.040066 0
0.089188 0.047420 0
0.107161 -0.029364 0
0.121183 -0.002648 0
0.128778 0.025679 0
0.141113 -0.009224 0
0.150579 -0.016813 0
0.113476 -0.115078 0
0.171553 -0.007518 0
0.167187 -0.071459 0
0.191326 0.015079 0
0.136772 0.148680 0
0.135606 -0.163114 0
0.104025 -0.196371 0
0.215634 -0.086465 0
-0.098303 -0.221599 0
0.246031 -0.056899 0
0.124166 -0.231420 0
0.132642 -0.238299 0
-0.123804 -0.254292 0
-0.146155 -0.253863 0
0.010245 -0.302857 0
-0.055691 -0.308139 0
0.111795 -0.303284 0
0.238807 -0.232556 0
-0.040702 -0.341014 0
-0.160721 -0.314890 0
-0.325695 -0.161722 0
-0.347926 -0.136481 0
-0.185075 -0.336273 0
-0.237355 -0.314406 0
-0.147814 -0.376031 0
-0.118350 -0.396871 0
-0.104012 -0.411294 0
-0.356894 0.247550 0
-0.385084 -0.221903 0
-0.421106 -0.171118 0
-0.357669 -0.296596 0
-0.432742 0.195242 0
-0.379778 -0.301408 0
-0.490726 0.064523 0
-0.502019 -0.055251 0
-0.415473 0.304571 0
-0.504104 0.147544 0
-0.534662 0.027200 0
-0.407162 0.362960 0
-0.272887 0.483916 0
-0.316287 0.468967 0
-0.210549 0.535879 0
-0.395798 0.431942 0
-0.288309 0.521580 0
-0.321319 0.513871 0
-0.182880 0.588396 0
-0.259437 0.569998 0
-0.448757 0.451194 0
0.172541 0.623014 0
0.053504 0.654382 0
-0.278894 0.605527 0
0.444152 0.510631 0
0.090303 0.680907 0
0.455620 0.527425 0
0.645984 0.287495 0
0.584617 0.415401 0
0.727224 0.008403 0
0.336009 0.656367 0
0.735656 0.132396 0
0.616298 0.440566 0
0.628074 0.441419 0
0.726366 0.278084 0
0.781131 0.102894 0
0.788548 -0.122324 0
0.757484 0.281448 0
0.582663 -0.574392 0
0.653484 -0.508931 0
0.814699 0.197873 0
0.165077 -0.832272 0
-0.093422 -0.853488 0
0.128543 -0.859124 0
0.583979 -0.656686 0
0.780273 -0.425790 0
-0.082901 -0.895159 0
0.463849 -0.781850 0
-0.339550 -0.854178 0
0.025749 -0.928936 0
-0.414920 -0.842794 0
-0.233395 -0.920363 0
-0.480520 -0.830617 0
-0.265596 -0.932615 0
-0.934678 -0.293908 0
-0.506961 -0.850230 0
-0.700585 -0.713569 0
-0.000000 -0.000000 1
-0.000024 -0.010101 1
-0.002859 -0.019999 1
-0.029651 -0.006253 1
-0.015462 -0.037328 1
-0.044768 0.023380 1
-0.050146 -0.034037 1
-0.055761 -0.043476 1
-0.057789 0.056484 1
-0.072163 0.055290 1
-0.058895 0.082064 1
-0.093631 0.059824 1
-0.118445 -0.025750 1
-0.038581 0.125518 1
-0.135727 0.039701 1
-0.091694 0.120620 1
-0.074141 0.143607 1
-0.137313 0.103112 1
-0.077633 0.164411 1
-0.035506 0.188606 1
-0.070780 0.189215 1
-0.177902 0.115526 1
-0.043066 0.218009 1
0.094744 0.212127 1
-0.113965 0.213966 1
-0.029211 0.250830 1
-0.041241 0.259368 1
0.241242 0.127211 1
0.159244 0.233738 1
0.157248 0.247145 1
0.023907 0.302086 1
0.232032 0.210267 1
0.104370 0.305918 1
0.235107 0.236296 1
0.179523 0.292777 1
0.341324 0.092115 1
0.355456 0.076695 1
0.327276 0.180471 1
0.381891 0.038618 1
0.289766 0.266878 1
0.268962 0.301510 1
0.403800 -0.091971 1
0.416720 -0.079536 1
0.376112 -0.217241 1
0.031949 -0.443295 1
0.289429 -0.350489 1
0.463997 -0.024562 1
0.185741 -0.436904 1
0.484158 -0.025861 1
0.413590 -0.271880 1
0.322098 -0.389010 1
-0.152348 -0.492109 1
0.386825 -0.355326 1
0.371773 -0.385212 1
0.162570 -0.520665 1
0.258585 -0.491707 1
-0.277088 -0.493142 1
0.271146 -0.507914 1
0.240553 -0.534195 1
-0.019498 -0.595641 1
-0.062692 -0.602809 1
-0.609022 -0.093526 1
-0.536692 -0.322748 1
-0.409688 -0.486944 1
-0.092747 -0.639777 1
-0.628977 -0.188326 1
-0.295126 -0.597783 1
-0.191790 -0.649023 1
-0.675281 0.125633 1
-0.689082 -0.104561 1
-0.684672 0.176560 1
-0.716190 0.037506 1
-0.663356 0.298135 1
-0.717866 -0.168489 1
-0.709262 -0.235935 1
-0.608644 0.451080 1
-0.767672 -0.002838 1
-0.768544 0.119492 1
-0.733915 0.286570 1
-0.605273 0.520016 1
-0.655299 0.472840 1
-0.799242 0.175023 1
-0.642872 0.522272 1
-0.838365 -0.005552 1
-0.044179 0.847334 1
-0.750967 0.416194 1
-0.569447 0.656009 1
-0.031273 0.878231 1
-0.288415 0.840797 1
0.710776 0.550437 1
-0.358262 0.835521 1
0.421108 0.817057 1
0.382093 0.847107 1
-0.037250 0.938655 1
0.747897 0.584971 1
0.588822 0.757702 1
0.914996 0.321083 1
0.958146 0.204843 1
0.838563 -0.526035 1
0.969427 -0.245380 1
0.000000 0.000000 2
0.009143 0.004294 2
0.019102 -0.006575 2
0.029635 -0.006326 2
0.038554 -0.012085 2
0.037844 0.033446 2
0.059696 -0.010465 2
0.070468 0.005812 2
0.069816 -0.040690 2
0.082263 -0.038694 2
0.050711 -0.087358 2
0.073384 -0.083429 2
0.045619 -0.112300 2
0.103771 -0.080466 2
0.122612 -0.070458 2
0.095392 -0.117717 2
0.060471 -0.149877 2
0.014476 -0.171106 2
-0.148598 -0.104769 2
0.017839 -0.191088 2
0.087675 -0.182003 2
0.009103 -0.211926 2
0.000161 -0.222222 2
-0.125921 -0.195238 2
0.080229 -0.228764 2
-0.135363 -0.213181 2
-0.171858 -0.198588 2
-0.205293 -0.179541 2
-0.145042 -0.242806 2
-0.214011 -0.200017 2
-0.097370 -0.286961 2
-0.244015 -0.196235 2
-0.266583 -0.182791 2
-0.333263 -0.006862 2
-0.261409 -0.222738 2
-0.330371 0.125866 2
-0.247638 0.266283 2
-0.243964 -0.283128 2
-0.338751 0.180498 2
-0.297228 0.258542 2
-0.398896 0.064268 2
-0.384470 0.153934 2
-0.346745 0.244437 2
-0.350296 0.256801 2
-0.331783 0.295721 2
-0.449742 0.065907 2
0.041710 0.462771 2
0.073077 0.469089 2
-0.308975 0.373648 2
-0.392718 0.301243 2
0.089572 0.497044 2
-0.136970 0.496609 2
0.099591 0.515725 2
0.032706 0.534354 2
0.337681 0.428360 2
0.386817 0.398766 2
0.090692 0.558339 2
-0.038459 0.574472 2
-0.038419 0.584598 2
0.539512 0.253170 2
0.198358 0.572681 2
0.431344 0.439998 2
0.462868 0.421850 2
0.594173 0.227854 2
0.230009 0.604162 2
0.655945 0.028546 2
0.649852 -0.148786 2
0.672799 -0.073185 2
0.686836 -0.006667 2
0.662707 -0.215840 2
0.596542 -0.379587 2
0.435551 0.569764 2
0.017199 -0.727069 2
0.478152 -0.561330 2
0.674677 -0.321760 2
0.590618 -0.474437 2
0.263736 -0.720951 2
0.409586 -0.661194 2
0.777827 -0.125452 2
-0.536718 -0.590513 2
0.198980 -0.783200 2
-0.331806 -0.747881 2
0.274292 -0.781547 2
-0.644941 -0.535667 2
-0.293880 -0.795966 2
-0.496032 -0.700801 2
0.095442 -0.863428 2
-0.790659 -0.383570 2
-0.727897 -0.510186 2
-0.880292 -0.182396 2
-0.437860 -0.796696 2
-0.575886 -0.716428 2
-0.767106 0.524532 2
-0.522328 -0.780791 2
-0.867686 -0.385567 2
-0.911101 0.301196 2
-0.964920 -0.096131 2
-0.950698 0.237016 2
-0.979387 -0.143880 2
-0.942789 0.333391 2
