0.0 0.0 0
0.0029955569189041853 0.00964660756289959 0
0.012880969792604446 0.015562848187983036 0
0.029974790289998055 0.004448096267879009 0
0.0393124595284462 0.009328283369541168 0
0.0008288290700875223 0.050498250871896744 0
0.0534835159778595 0.028506282716989517 0
0.04173619672656059 0.05707521364092827 0
0.05546339228749275 0.058768682181835175 0
0.08160383254289627 0.04006590694189072 0
0.08918751031160355 0.047419704496860504 0
0.10716083645820618 -0.02936382405459881 0
0.12118320167064667 -0.0026475144550204277 0
0.12877772748470306 0.02567947469651699 0
0.14111296832561493 -0.00922449491918087 0
0.15057946741580963 -0.016812633723020554 0
0.11347636580467224 -0.11507779359817505 0
0.17155250906944275 -0.007518164813518524 0
0.16718684136867523 -0.07145914435386658 0
0.19132587313652039 0.015079323202371597 0
0.13677190244197845 0.14867955446243286 0
0.13560642302036285 -0.16311439871788025 0
0.1040247455239296 -0.19637098908424377 0
0.2156335413455963 -0.08646537363529205 0
-0.09830333292484283 -0.22159866988658905 0
0.24603141844272614 -0.05689945071935654 0
0.12416625022888184 -0.23142017424106598 0
0.13264194130897522 -0.23829872906208038 0
-0.12380430102348328 -0.254291832447052 0
-0.14615526795387268 -0.253862589597702 0
0.010245291516184807 -0.30285707116127014 0
-0.05569057539105415 -0.30813923478126526 0
0.11179529130458832 -0.30328360199928284 0
0.23880670964717865 -0.23255637288093567 0
-0.04070228710770607 -0.3410138785839081 0
-0.1607210487127304 -0.31489044427871704 0
-0.32569506764411926 -0.1617223471403122 0
-0.3479260504245758 -0.1364811211824417 0
-0.1850746124982834 -0.336272656917572 0
-0.2373548150062561 -0.3144056797027588 0
-0.14781402051448822 -0.37603145837783813 0
-0.11835025995969772 -0.3968706727027893 0
-0.10401209443807602 -0.41129443049430847 0
-0.35689398646354675 0.24754977226257324 0
-0.3850840926170349 -0.22190339863300323 0
-0.4211059510707855 -0.17111791670322418 0
-0.35766899585723877 -0.29659605026245117 0
-0.4327418804168701 0.1952424794435501 0
-0.3797777593135834 -0.30140820145606995 0
-0.49072572588920593 0.06452345848083496 0
-0.5020192265510559 -0.05525142699480057 0
-0.41547295451164246 0.30457067489624023 0
-0.5041040182113647 0.14754442870616913 0
-0.5346620678901672 0.027200432494282722 0
-0.4071617126464844 0.3629600405693054 0
-0.2728874087333679 0.4839157462120056 0
-0.3162872791290283 0.46896663308143616 0
-0.2105485498905182 0.5358787775039673 0
-0.3957984149456024 0.43194201588630676 0
-0.2883087992668152 0.521580159664154 0
-0.32131946086883545 0.5138708353042603 0
-0.1828801929950714 0.5883960723876953 0
-0.25943702459335327 0.5699976086616516 0
-0.4487569034099579 0.4511938691139221 0
0.17254099249839783 0.6230137348175049 0
0.053503748029470444 0.6543819904327393 0
-0.2788938581943512 0.6055267453193665 0
0.44415152072906494 0.5106309056282043 0
0.09030307084321976 0.6809067130088806 0
0.4556201100349426 0.5274249315261841 0
0.6459842920303345 0.28749483823776245 0
0.5846171379089355 0.41540107131004333 0
0.7272241711616516 0.00840271171182394 0
0.33600854873657227 0.6563674807548523 0
0.7356560826301575 0.13239562511444092 0
0.6162975430488586 0.44056597352027893 0
0.6280736327171326 0.44141942262649536 0
0.7263660430908203 0.2780839502811432 0
0.7811311483383179 0.10289375483989716 0
0.7885484099388123 -0.12232409417629242 0
0.757483720779419 0.2814481258392334 0
0.5826627016067505 -0.5743915438652039 0
0.6534839868545532 -0.5089313387870789 0
0.8146985769271851 0.19787292182445526 0
0.16507667303085327 -0.8322717547416687 0
-0.09342218190431595 -0.8534881472587585 0
0.12854312360286713 -0.859123706817627 0
0.5839788913726807 -0.6566862463951111 0
0.7802731990814209 -0.42579007148742676 0
-0.08290096372365952 -0.8951593637466431 0
0.4638494849205017 -0.7818503379821777 0
-0.3395498991012573 -0.8541777729988098 0
0.02574850432574749 -0.9289361238479614 0
-0.4149204194545746 -0.8427941799163818 0
-0.23339489102363586 -0.9203627109527588 0
-0.4805203378200531 -0.8306170105934143 0
-0.2655962407588959 -0.9326150417327881 0
-0.9346775412559509 -0.29390808939933777 0
-0.5069613456726074 -0.8502295017242432 0
-0.7005848288536072 -0.713569164276123 0
-0.0 -0.0 1
-2.376367774559185e-05 -0.010100982151925564 1
-0.002859049942344427 -0.019998686388134956 1
-0.029650840908288956 -0.006253101862967014 1
-0.015462019480764866 -0.03732844069600105 1
-0.044767674058675766 0.02337980829179287 1
-0.05014582723379135 -0.03403661027550697 1
-0.0557611808180809 -0.04347620904445648 1
-0.057788774371147156 0.05648365616798401 1
-0.07216310501098633 0.05528968572616577 1
-0.05889495089650154 0.08206354081630707 1
-0.093630850315094 0.059824272990226746 1
-0.118445485830307 -0.02574966661632061 1
-0.038580670952796936 0.1255176067352295 1
-0.13572698831558228 0.03970066085457802 1
-0.09169381111860275 0.12061958760023117 1
-0.07414070516824722 0.14360688626766205 1
-0.13731279969215393 0.10311151295900345 1
-0.07763251662254333 0.16441120207309723 1
-0.03550570458173752 0.18860626220703125 1
-0.07077987492084503 0.18921515345573425 1
-0.17790226638317108 0.11552572250366211 1
-0.043065618723630905 0.2180093377828598 1
0.09474381804466248 0.21212659776210785 1
-0.11396535485982895 0.21396590769290924 1
-0.02921106666326523 0.2508300542831421 1
-0.04124075546860695 0.25936800241470337 1
0.24124161899089813 0.12721101939678192 1
0.1592436134815216 0.23373769223690033 1
0.15724778175354004 0.24714511632919312 1
0.023906756192445755 0.3020857870578766 1
0.2320321500301361 0.21026721596717834 1
0.10436996072530746 0.3059183657169342 1
0.23510749638080597 0.23629552125930786 1
0.1795233190059662 0.29277727007865906 1
0.3413239121437073 0.09211532026529312 1
0.3554563820362091 0.0766952782869339 1
0.32727643847465515 0.18047095835208893 1
0.38189080357551575 0.03861768916249275 1
0.28976595401763916 0.2668781280517578 1
0.2689616084098816 0.3015100359916687 1
0.40380004048347473 -0.09197083860635757 1
0.41672009229660034 -0.07953614741563797 1
0.3761124014854431 -0.2172410637140274 1
0.031948577612638474 -0.4432946443557739 1
0.28942936658859253 -0.350488543510437 1
0.4639967978000641 -0.024562105536460876 1
0.18574097752571106 -0.4369044005870819 1
0.4841582775115967 -0.025861280038952827 1
0.4135897159576416 -0.271879643201828 1
0.3220980763435364 -0.38901007175445557 1
-0.15234753489494324 -0.4921090602874756 1
0.3868250250816345 -0.3553260862827301 1
0.3717731535434723 -0.3852117955684662 1
0.16257008910179138 -0.520664632320404 1
0.25858524441719055 -0.49170687794685364 1
-0.2770881652832031 -0.4931424558162689 1
0.27114585041999817 -0.5079140663146973 1
0.24055340886116028 -0.534195065498352 1
-0.01949790120124817 -0.5956405401229858 1
-0.06269163638353348 -0.6028094291687012 1
-0.6090221405029297 -0.09352616965770721 1
-0.536692202091217 -0.3227481544017792 1
-0.4096883237361908 -0.48694369196891785 1
-0.09274741262197495 -0.639776885509491 1
-0.6289767622947693 -0.18832612037658691 1
-0.2951262593269348 -0.5977833867073059 1
-0.19178970158100128 -0.6490232348442078 1
-0.6752814054489136 0.1256328523159027 1
-0.6890817880630493 -0.10456134378910065 1
-0.6846718788146973 0.17655998468399048 1
-0.7161902785301208 0.037506308406591415 1
-0.6633561253547668 0.2981346845626831 1
-0.7178660035133362 -0.1684887409210205 1
-0.709262490272522 -0.23593470454216003 1
-0.6086443066596985 0.45107996463775635 1
-0.767671525478363 -0.002837903331965208 1
-0.76854407787323 0.11949186772108078 1
-0.7339145541191101 0.2865700125694275 1
-0.6052729487419128 0.5200157761573792 1
-0.6552993655204773 0.4728396534919739 1
-0.7992424368858337 0.1750229299068451 1
-0.6428716778755188 0.5222723484039307 1
-0.8383654356002808 -0.00555246090516448 1
-0.044179026037454605 0.8473339080810547 1
-0.7509674429893494 0.4161941111087799 1
-0.5694468021392822 0.6560085415840149 1
-0.0312734916806221 0.8782312273979187 1
-0.28841540217399597 0.8407972455024719 1
0.71077561378479 0.5504369735717773 1
-0.3582617938518524 0.8355206847190857 1
0.42110809683799744 0.8170567750930786 1
0.3820929229259491 0.8471070528030396 1
-0.03724965453147888 0.9386551380157471 1
0.7478968501091003 0.5849708914756775 1
0.5888223052024841 0.7577022314071655 1
0.9149960279464722 0.32108327746391296 1
0.958145797252655 0.20484302937984467 1
0.838562548160553 -0.5260350704193115 1
0.9694269895553589 -0.24538004398345947 1