0.0 -0.6445192888214754
0.001 -0.6612683123563171
0.002 -0.677794129233179
0.003 -0.694078508090146
0.004 -0.7101034734509589
0.005 -0.7258513294795438
0.006 -0.7413046833620972
0.007 -0.7564464682841235
0.008 -0.7712599659703921
0.009 -0.7857288287563887
0.01 -0.7998371011604954
0.011 -0.813569240926835
0.012 -0.826910139509453
0.013 -0.8398451419692973
0.014 -0.8523600662562836
0.015 -0.8644412218495909
0.016 -0.8760754277302384
0.017 -0.8872500296609311
0.018 -0.8979529167491356
0.019 -0.9081725372703545
0.02 -0.9178979137296108
0.021 -0.9271186571402177
0.022 -0.9358249805000168
0.023 -0.9440077114463998
0.024 -0.9516583040725664
0.025 -0.9587688498886732
0.026 -0.9653320879127189
0.027 -0.9713414138772315
0.028 -0.9767908885390822
0.029 -0.9816752450809966
0.03 -0.9859898955946222
0.031 -0.9897309366362991
0.032 -0.9928951538479854
0.033 -0.9954800256371094
0.034 -0.99748372591043
0.035 -0.9989051258583436
0.036 -0.9997437947873808
0.037 -1.0
0.038 -0.9996747057221113
0.039 -0.9987695710801098
0.04 -0.9972869471305299
0.041 -0.9952298729467709
0.042 -0.9926020707686569
0.043 -0.9894079402219349
0.044 -0.9856525516160921
0.045 -0.9813416383301975
0.046 -0.9764815882977356
0.047 -0.9710794346026739
0.048 -0.9651428452002513
0.049 -0.9586801117772107
0.05 -0.9517001377673937
0.051 -0.9442124255398174
0.052 -0.9362270627775015
0.053 -0.9277547080664575
0.054 -0.9188065757153553
0.055 -0.9093944198274605
0.056 -0.89953051764749
0.057 -0.8892276522070416
0.058 -0.8784990942932357
0.059 -0.8673585837661644
0.06 -0.8558203102516406
0.061 -0.8438988932366192
0.062 -0.8316093615955014
0.063 -0.818967132576316
0.064 -0.8059879902765346
0.065 -0.7926880636389838
0.066 -0.7790838039989874
0.067 -0.7651919622144872
0.068 -0.7510295654114864
0.069 -0.7366138933776691
0.07 -0.7219624546375543
0.071 -0.7070929622429739
0.072 -0.6920233093130485
0.073 -0.6767715443581913
0.074 -0.6613558464229469
0.075 -0.6457945000827306
0.076 -0.6301058703297151
0.077 -0.6143083773832606
0.078 -0.5984204714603867
0.079 -0.5824606075418057
0.08 -0.5664472201690548
0.081 -0.5503986983081921
0.082 -0.5343333603154129
0.083 -0.5182694290397987
0.084 -0.5022250070981885
0.085 -0.4862180523569089
0.086 -0.4702663536548005
0.087 -0.4543875068016131
0.088 -0.43859889088544635
0.089 -0.4229176449224486
0.09 -0.40736064488151025
0.091 -0.39194448111612046
0.092 -0.37668543623497636
0.093 -0.36159946344230554
0.094 -0.3467021653781674
0.095 -0.3320087734882909
0.096 -0.3175341279522409
0.097 -0.3032926581978914
0.098 -0.28929836402935494
0.099 -0.2755647973946241
0.1 -0.2621050448182653
0.101 -0.24893171052355112
0.102 -0.2360569002674308
0.103 -0.22349220591070287
0.104 -0.21124869074472202
0.105 -0.19933687559486457
0.106 -0.18776672571987996
0.107 -0.1765476385251138
0.108 -0.16568843210641113
0.109 -0.15519733464034183
0.11 -0.1450819746351556
0.111 -0.1353493720556588
0.112 -0.1260059303339539
0.113 -0.11705742927670877
0.114 -0.1085090188783488
0.115 -0.10036521404827022
0.116 -0.0926298902588656
0.117 -0.08530628011983407
0.118 -0.07839697088293836
0.119 -0.07190390288002753
0.12 -0.06582836889582382
0.121 -0.06017101447563423
0.122 -0.0549318391668134
0.123 -0.05011019869147272
0.124 -0.045704808046605074
0.125 -0.04171374552646983
0.126 -0.03813445766076992
0.127 -0.0349637650608453
0.128 -0.032197869164816526
0.129 -0.02983235987132922
0.13 -0.027862224050287408
0.131 -0.026281854917706897
0.132 -0.02508506226060465
0.133 -0.02426508349661003
0.134 -0.02381459555181694
0.135 -0.02372572753921275
0.136 -0.0239900742188957
0.137 -0.024598710220168702
0.138 -0.02554220500452519
0.139 -0.026810638547480385
0.14 -0.028393617716181464
0.141 -0.0302802933187499
0.142 -0.032459377800339334
0.143 -0.03491916355998999
0.144 -0.03764754186147064
0.145 -0.04063202231045295
0.146 -0.0438597528695752
0.147 -0.04731754038216678
0.148 -0.0509918715747074
0.149 -0.05486893450739904
0.15 -0.058934640441606914
0.151 -0.06317464609232339
0.152 -0.06757437623328266
0.153 -0.07211904662183742
0.154 -0.07679368721026657
0.155 -0.08158316560978897
0.156 -0.0864722107731807
0.157 -0.09144543686161191
0.158 -0.09648736726104287
0.159 -0.10158245871332916
0.16 -0.10671512552700205
0.161 -0.11186976383261645
0.162 -0.1170307758474759
0.163 -0.12218259411453565
0.164 -0.12730970568035402
0.165 -0.13239667617702452
0.166 -0.13742817377318023
0.167 -0.1423889929593549
0.168 -0.14726407813322898
0.169 -0.15203854695056226
0.17 -0.15669771340798913
0.171 -0.16122711062421335
0.172 -0.16561251328657678
0.173 -0.16983995973049115
0.174 -0.17389577361970304
0.175 -0.17776658519598784
0.176 -0.1814393520674564
0.177 -0.18490137950533023
0.178 -0.18814034021976148
0.179 -0.19114429358600774
0.18 -0.19390170429307413
0.181 -0.19640146038775486
0.182 -0.19863289068789375
0.183 -0.20058578153956605
0.184 -0.2022503928938484
0.185 -0.20361747367981234
0.186 -0.20467827645138278
0.187 -0.20542457128675623
0.188 -0.20584865892014378
0.189 -0.2059433830867017
0.19 -0.20570214206264462
0.191 -0.2051188993837001
0.192 -0.20418819372622649
0.193 -0.2029051479365348
0.194 -0.20126547719516882
0.195 -0.1992654963041398
0.196 -0.196902126086373
0.197 -0.1941728988879016
0.198 -0.19107596317462341
0.199 -0.1876100872167378
0.2 -0.1837746618552995
0.201 -0.17956970234662453
0.202 -0.17499584928163
0.203 -0.17005436857849723
0.204 -0.1647471505483918
0.205 -0.15907670803529741
0.206 -0.15304617363235548
0.207 -0.14665929597842492
0.208 -0.13992043513989766
0.209 -0.13283455708412065
0.21 -0.12540722725208184
0.211 -0.11764460323930633
0.212 -0.10955342659519879
0.213 -0.101141013752324
0.214 -0.09241524609838166
0.215 -0.08338455920484979
0.216 -0.07405793122749955
0.217 -0.06444487049515993
0.218 -0.054555402304290894
0.219 -0.044400054938061
0.22 -0.03398984492974135
0.221 -0.023336261591323508
0.222 -0.012451250829315709
0.223 -0.0013471982707106706
0.224 0.009963088276894733
0.225 0.02146639700607768
0.226 0.03314913090540472
0.227 0.04499732714351807
0.228 0.05699667701388668
0.229 0.0691325464118051
0.23 0.08138999681444213
0.231 0.09375380673402504
0.232 0.1062084936135497
0.233 0.11873833613376755
0.234 0.13132739689959463
0.235 0.14395954547354858
0.236 0.1566184817232988
0.237 0.1692877594499555
0.238 0.1819508102633199
0.239 0.1945909676699465
0.24 0.20719149133954864
0.241 0.21973559151501162
0.242 0.23220645353107908
0.243 0.24458726240657402
0.244 0.25686122747492635
0.245 0.2690116070177141
0.246 0.28102173286587284
0.247 0.2928750349333029
0.248 0.3045550656476621
0.249 0.31604552424326954
0.25 0.3273302808812243
0.251 0.338393400562101
0.252 0.34921916679682286
0.253 0.3597921050016791
0.254 0.3700970055838323
0.255 0.3801189466840569
0.256 0.3898433165439636
0.257 0.3992558354654667
0.258 0.4083425773308185
0.259 0.41708999065214686
0.26 0.42548491912011266
0.261 0.433514621621963
0.262 0.44116679170002926
0.263 0.4484295764225107
0.264 0.4552915946391679
0.265 0.4617419545954585
0.266 0.4677702708795279
0.267 0.47336668067740334
0.268 0.4785218593127156
0.269 0.4832270350482985
0.27 0.48747400312801786
0.271 0.4912551390382834
0.272 0.4945634109697966
0.273 0.4973923914611858
0.274 0.49973626820736783
0.275 0.5015898540166397
0.276 0.5029485959016994
0.277 0.5038085832910231
0.278 0.5041665553482849
0.279 0.5040199073887279
0.28 0.5033666963827053
0.281 0.5022056455378952
0.282 0.5005361479529734
0.283 0.4983582693368665
0.284 0.49567274978901876
0.285 0.49248100463743455
0.286 0.48878512433259397
0.287 0.484587873396666
0.288 0.479892688428806
0.289 0.4747036751686246
0.29 0.46902560462127657
0.291 0.46286390824894363
0.292 0.4562246722347934
0.293 0.44911463082682124
0.294 0.4415411587702925
0.295 0.4335122628387798
0.296 0.4250365724750699
0.297 0.41612332955449827
0.298 0.40678237728447997
0.299 0.3970241482552515
0.3 0.38685965165805203
0.301 0.37630045968812503
0.302 0.3653586931510978
0.303 0.3540470062924315
0.304 0.342378570870724
0.305 0.3303670594967181
0.306 0.3180266282609434
0.307 0.30537189867388437
0.308 0.29241793894357404
0.309 0.2791802446164605
0.31 0.2656747186082721
0.311 0.25191765065249033
0.312 0.2379256961948794
0.313 0.22371585476329195
0.314 0.20930544784271235
0.315 0.1947120962862494
0.316 0.17995369729337432
0.317 0.16504840098740234
0.318 0.15001458662473316
0.319 0.13487083846889392
0.32 0.11963592136294753
0.321 0.10432875603422415
0.322 0.08896839416571617
0.323 0.07357399326885429
0.324 0.0581647913926251
0.325 0.042760081704233684
0.326 0.027379186976737895
0.327 0.01204143401918278
0.328 -0.00323387191515458
0.329 -0.018427472706718514
0.33 -0.03352018289819026
0.331 -0.048492915137991616
0.332 -0.06332670550327817
0.333 -0.07800273866713114
0.334 -0.09250237287486435
0.335 -0.10680716469459003
0.336 -0.12089889350755278
0.337 -0.13475958570406207
0.338 -0.14837153855128968
0.339 -0.16171734369964175
0.34 -0.17477991029492299
0.341 -0.18754248766406914
0.342 -0.19998868754281482
0.343 -0.21210250581430218
0.344 -0.22386834372833272
0.345 -0.23527102857168342
0.346 -0.2462958337606765
0.347 -0.2569284983280183
0.348 -0.2671552457767538
0.349 -0.2769628022750937
0.35 -0.2863384141667675
0.351 -0.2952698647725509
0.352 -0.30374549045959554
0.353 -0.3117541959562087
0.354 -0.31928546889081527
0.355 -0.32632939353490914
0.356 -0.33287666373091696
0.357 -0.33891859498706234
0.358 -0.34444713572247515
0.359 -0.34945487764698413
0.36 -0.3539350652612611
0.361 -0.35788160446421613
0.362 -0.3612890702557948
0.363 -0.3641527135246045
0.364 -0.36646846691109486
0.365 -0.3682329497382951
0.366 -0.36944347200344785
0.367 -0.37009803742518455
0.368 -0.3701953455422202
0.369 -0.3697347928608809
0.37 -0.3687164730501169
0.371 -0.3671411761839934
0.372 -0.3650103870329807
0.373 -0.3623262824067271
0.374 -0.3590917275523039
0.375 -0.35531027161326134
0.376 -0.35098614215614343
0.377 -0.34612423877242776
0.378 -0.3407301257651461
0.379 -0.33481002393074016
0.38 -0.3283708014479747
0.381 -0.32141996388697197
0.382 -0.31396564335268834
0.383 -0.306016586778357
0.384 -0.2975821433856127
0.385 -0.28867225132918795
0.386 -0.2792974235452225
0.387 -0.2694687328233232
0.388 -0.2591977961236212
0.389 -0.24849675816112932
0.39 -0.23737827428070823
0.391 -0.22585549264697038
0.392 -0.21394203577439924
0.393 -0.20165198142387372
0.394 -0.18899984289268756
0.395 -0.1760005487260035
0.396 -0.1626694218784682
0.397 -0.14902215835550134
0.398 -0.13507480536450076
0.399 -0.12084373900685857
0.4 -0.1063456415423493
0.401 -0.09159747825804546
0.402 -0.07661647397443554
0.403 -0.061420089221946354
0.404 -0.04602599612152866
0.405 -0.030452054003343033
0.406 -0.014716284797966743
0.407 0.0011631517651370432
0.408 0.01716798311695077
0.409 0.03327984893078581
0.41 0.04948032629140811
0.411 0.06575095491590889
0.412 0.08207326239083439
0.413 0.09842878938999775
0.414 0.11479911483750067
0.415 0.13116588098058035
0.416 0.14751081833698057
0.417 0.1638157704817994
0.418 0.18006271863899853
0.419 0.19623380604300059
0.42 0.21231136203619205
0.421 0.2282779258685348
0.422 0.24411627016587586
0.423 0.2598094240340787
0.424 0.27534069576662545
0.425 0.29069369512386656
0.426 0.3058523551527716
0.427 0.32080095351667165
0.428 0.33552413330518965
0.429 0.3500069232953188
0.43 0.3642347576353728
0.431 0.3781934949244036
0.432 0.3918694366605187
0.433 0.40524934503243626
0.434 0.4183204600295884
0.435 0.4310705158470369
0.436 0.44348775656247164
0.437 0.4555609510636363
0.438 0.46727940720557376
0.439 0.4786329851781827
0.44 0.48961211006574096
0.441 0.5002077835811765
0.442 0.5104115949590488
0.443 0.5202157309924345
0.444 0.5296129852001058
0.445 0.5385967661116439
0.446 0.5471611046593982
0.447 0.555300660667471
0.448 0.5630107284291875
0.449 0.5702872413658386
0.45 0.5771267757607734
0.451 0.5835265535642393
0.452 0.5894844442657137
0.453 0.5949989658317786
0.454 0.6000692847089345
0.455 0.6046952148920853
0.456 0.6088772160607521
0.457 0.6126163907864047
0.458 0.6159144808156305
0.459 0.618773862435168
0.46 0.6211975409261457
0.461 0.6231891441161661
0.462 0.6247529150391584
0.463 0.6258937037141897
0.464 0.6266169580556896
0.465 0.6269287139287685
0.466 0.626835584364534
0.467 0.6263447479515059
0.468 0.6254639364203933
0.469 0.6242014214406606
0.47 0.6225660006484134
0.471 0.6205669829262422
0.472 0.6182141729567165
0.473 0.6155178550722564
0.474 0.6124887764251146
0.475 0.609138129502157
0.476 0.6054775340100654
0.477 0.6015190181574889
0.478 0.5972749993615052
0.479 0.5927582644065909
0.48 0.5879819490850652
0.481 0.5829595173487067
0.482 0.5777047400019367
0.483 0.5722316729676177
0.484 0.5665546351571058
0.485 0.5606881859767653
0.486 0.5546471025036751
0.487 0.5484463563636979
0.488 0.542101090345526
0.489 0.5356265947846838
0.49 0.5290382837517749
0.491 0.5223516710795526
0.492 0.5155823462636153
0.493 0.5087459502716846
0.494 0.5018581512965703
0.495 0.49493462048799397
0.496 0.4879910076984564
0.497 0.481042917278319
0.498 0.47410588395519837
0.499 0.46719534883262576
0.5 0.4603266355427649
0.501 0.45351492658775727
0.502 0.44677523990396834
0.503 0.44012240568310207
0.504 0.4335710434837807
0.505 0.42713553966674395
0.506 0.42083002518637497
0.507 0.41466835377074235
0.508 0.4086640805217718
0.509 0.40283044096657045
0.51 0.39718033059027724
0.511 0.39172628488010175
0.512 0.3864804599094959
0.513 0.38145461349062093
0.514 0.37666008692244607
0.515 0.3721077873609676
0.516 0.36780817083714296
0.517 0.3637712259471941
0.518 0.36000645823897703
0.519 0.35652287531711396
0.52 0.35332897268854335
0.521 0.3504327203690891
0.522 0.3478415502705543
0.523 0.3455623443867198
0.524 0.3436014237954855
0.525 0.3419645384932216
0.526 0.3406568580761942
0.527 0.33968296328272396
0.528 0.33904683840849265
0.529 0.3387518646061633
0.53 0.3388008140792096
0.531 0.3391958451785643
0.532 0.33993849840940393
0.533 0.34102969335407746
0.534 0.3424697265158732
0.535 0.34425827008699544
0.536 0.3463943716427971
0.537 0.3488764547629796
0.538 0.35170232057914863
0.539 0.3548691502467787
0.54 0.358373508338307
0.541 0.36221134715276954
0.542 0.36637801193605896
0.543 0.37086824700458365
0.544 0.3756762027638119
0.545 0.3807954436118952
0.546 0.38621895671728607
0.547 0.3919391616580274
0.548 0.39794792090913655
0.549 0.40423655116328294
0.55 0.41079583546878295
0.551 0.4176160361677367
0.552 0.4246869086159822
0.553 0.431997715665437
0.554 0.4395372428882743
0.555 0.4472938145213195
0.556 0.4552553101080289
0.557 0.46340918181439045
0.558 0.4717424723941073
0.559 0.4802418337775198
0.56 0.4888935462577866
0.561 0.4976835382469913
0.562 0.506597406574036
0.563 0.5156204372953679
0.564 0.5247376269888736
0.565 0.5339337045005295
0.566 0.5431931531128095
0.567 0.5525002331031535
0.568 0.5618390046603041
0.569 0.571193351125751
0.57 0.5805470025270578
0.571 0.5898835593694335
0.572 0.5991865166515088
0.573 0.6084392880709444
0.574 0.6176252303852369
0.575 0.6267276678928358
0.576 0.635729916999491
0.577 0.6446153108346482
0.578 0.6533672238825926
0.579 0.6619690965930165
0.58 0.6704044599357173
0.581 0.6786569598641803
0.582 0.6867103816529152
0.583 0.6945486740736029
0.584 0.7021559733753097
0.585 0.70951662703428
0.586 0.7166152172391694
0.587 0.7234365840779083
0.588 0.7299658483928094
0.589 0.7361884342710046
0.59 0.7420900911377868
0.591 0.7476569154209867
0.592 0.7528753717551194
0.593 0.7577323136946817
0.594 0.7622150039066452
0.595 0.7663111338129482
0.596 0.7700088426545438
0.597 0.7732967359493644
0.598 0.7761639033174439
0.599 0.7785999356472919
0.6 0.7805949415785652
0.601 0.7821395632770307
0.602 0.7832249914788219
0.603 0.7838429797820007
0.604 0.7839858581645218
0.605 0.7836465457087599
0.606 0.782818562513903
0.607 0.7814960407786441
0.608 0.7796737350377831
0.609 0.777347031537538
0.61 0.7745119567355868
0.611 0.7711651849130929
0.612 0.7673040448872291
0.613 0.7629265258139679
0.614 0.7580312820722164
0.615 0.7526176372216552
0.616 0.7466855870279546
0.617 0.7402358015503608
0.618 0.7332696262879788
0.619 0.7257890823823915
0.62 0.7177968658756112
0.621 0.7092963460236894
0.622 0.7002915626676341
0.623 0.69078722266464
0.624 0.6807886953839613
0.625 0.6703020072730677
0.626 0.6593338355010574
0.627 0.6478915006876136
0.628 0.6359829587270567
0.629 0.6236167917183654
0.63 0.6108021980132798
0.631 0.5975489813958661
0.632 0.5838675394081422
0.633 0.5697688508375796
0.634 0.5552644623835035
0.635 0.5403664745205391
0.636 0.5250875265784275
0.637 0.5094407810586411
0.638 0.4934399072092911
0.639 0.47709906388089457
0.64 0.46043288168659374
0.641 0.44345644449138016
0.642 0.42618527025585756
0.643 0.40863529126100034
0.644 0.3908228337412051
0.645 0.37276459695381303
0.646 0.3544776317140898
0.647 0.33597931842535467
0.648 0.3172873446347358
0.649 0.29841968214567555
0.65 0.27939456371892873
0.651 0.26023045939440476
0.652 0.24094605246675932
0.653 0.22156021514809046
0.654 0.20209198395157227
0.655 0.18256053483030318
0.656 0.16298515810588096
0.657 0.14338523322163724
0.658 0.12378020335568217
0.659 0.1041895499290624
0.66 0.08463276704455153
0.661 0.06512933589170725
0.662 0.04569869915379488
0.663 0.02636023545226936
0.664 0.007133233864448516
0.665 -0.011963131450152811
0.666 -0.030909826479434833
0.667 -0.049687982409081045
0.668 -0.06827892045880161
0.669 -0.08666417646980767
0.67 -0.10482552520920711
0.671 -0.12274500435748946
0.672 -0.14040493814562552
0.673 -0.15778796060881192
0.674 -0.174877038424483
0.675 -0.19165549330273055
0.676 -0.20810702389790714
0.677 -0.22421572721091054
0.678 -0.23996611945230928
0.679 -0.25534315633721777
0.68 -0.27033225278369694
0.681 -0.28491930198722193
0.682 -0.29909069384464915
0.683 -0.3128333327020729
0.684 -0.32613465440186135
0.685 -0.3389826426051541
0.686 -0.3513658443671588
0.687 -0.3632733849436002
0.688 -0.3746949818077395
0.689 -0.38562095785857303
0.69 -0.3960422538018344
0.691 -0.4059504396867158
0.692 -0.41533772558231224
0.693 -0.42419697137906226
0.694 -0.4325216957016491
0.695 -0.4403060839211254
0.696 -0.44754499525523705
0.697 -0.45423396894723894
0.698 -0.4603692295147944
0.699 -0.4659476910618327
0.7 -0.470966960647579
0.701 -0.47542534070829456
0.702 -0.47932183052859273
0.703 -0.48265612676052544
0.704 -0.4854286229900053
0.705 -0.48764040835142425
0.706 -0.48929326519270616
0.707 -0.49038966579434945
0.708 -0.4909327681473418
0.709 -0.49092641079616933
0.71 -0.49037510675443574
0.711 -0.489284036501932
0.712 -0.48765904007326744
0.713 -0.48550660824947217
0.714 -0.4828338728652135
0.715 -0.4796485962455428
0.716 -0.4759591597872852
0.717 -0.4717745517013974
0.718 -0.4671043539338034
0.719 -0.4619587282833494
0.72 -0.4563484017366712
0.721 -0.4502846510408465
0.722 -0.443779286535784
0.723 -0.43684463526932515
0.724 -0.42949352341906516
0.725 -0.4217392580458358
0.726 -0.4135956082047527
0.727 -0.40507678544063125
0.728 -0.396197423695402
0.729 -0.38697255865602237
0.73 -0.3774176065721307
0.731 -0.36754834257343844
0.732 -0.3573808785175449
0.733 -0.3469316403995388
0.734 -0.3362173453553128
0.735 -0.3252549782911206
0.736 -0.3140617681724192
0.737 -0.302655164005469
0.738 -0.29105281054564547
0.739 -0.27927252376675016
0.74 -0.26733226612594196
0.741 -0.2552501216591903
0.742 -0.24304427094239542
0.743 -0.23073296595345402
0.744 -0.2183345048707202
0.745 -0.20586720684337997
0.746 -0.19334938676924573
0.747 -0.180799330115513
0.748 -0.16823526781790624
0.749 -0.15567535129352233
0.75 -0.14313762760251375
0.751 -0.1306400147935416
0.752 -0.11820027746761218
0.753 -0.10583600259463474
0.754 -0.0935645756166543
0.755 -0.08140315687125722
0.756 -0.06936865836824162
0.757 -0.05747772095208614
0.758 -0.04574669188219732
0.759 -0.03419160286232841
0.76 -0.02282814854989575
0.761 -0.0116716655752287
0.762 -0.0007371121000715158
0.763 0.00996095205616463
0.764 0.020408384694670278
0.765 0.030591479893164755
0.766 0.04049698601356648
0.767 0.050112123036334305
0.768 0.05942459919744321
0.769 0.06842262690494144
0.77 0.07709493791305054
0.771 0.08543079773284565
0.772 0.09342001925966519
0.773 0.10105297559849455
0.774 0.10832061206971287
0.775 0.11521445737881117
0.776 0.12172663393482552
0.777 0.12784986730348483
0.778 0.13357749478230438
0.779 0.13890347308610598
0.78 0.14382238513270845
0.781 0.14832944591983935
0.782 0.1524205074856082
0.783 0.1560920629461655
0.784 0.15934124960553825
0.785 0.16216585113391305
0.786 0.16456429881199078
0.787 0.1665356718403552
0.788 0.16807969671415646
0.789 0.16919674566470785
0.79 0.1698878341709473
0.791 0.1701546175450573
0.792 0.16999938659780517
0.793 0.1694250623905308
0.794 0.1684351900819868
0.795 0.16703393187952362
0.796 0.16522605910538118
0.797 0.16301694339014758
0.798 0.16041254700663646
0.799 0.1574194123586777
0.8 0.15404465064055822
0.801 0.1502959296839564
0.802 0.14618146101042273
0.803 0.1417099861085881
0.804 0.13689076195635827
0.805 0.1317335458094245
0.806 0.12624857927851696
0.807 0.12044657171876841
0.808 0.11433868295555605
0.809 0.10793650537218333
0.81 0.10125204538558248
0.811 0.09429770433713917
0.812 0.08708625882658562
0.813 0.07963084051765738
0.814 0.07194491544494745
0.815 0.0640422628522054
0.816 0.05593695359280537
0.817 0.04764332812393083
0.818 0.03917597412644935
0.819 0.030549703783025618
0.82 0.02177953074754842
0.821 0.01288064683931655
0.822 0.0038683984958248433
0.823 -0.005241736981608735
0.824 -0.014434175354914836
0.825 -0.023693249514336705
0.826 -0.03300323364651462
0.827 -0.04234836747057024
0.828 -0.05171288050704992
0.829 -0.06108101634449307
0.83 -0.07043705686847157
0.831 -0.07976534641799513
0.832 -0.08905031583422522
0.833 -0.09827650636667264
0.834 -0.10742859340225537
0.835 -0.11649140998278106
0.836 -0.12544997007681627
0.837 -0.1342894915722323
0.838 -0.1429954189560736
0.839 -0.15155344564891388
0.84 -0.15994953596135275
0.841 -0.16816994664079749
0.842 -0.17620124797732778
0.843 -0.18403034443807284
0.844 -0.19164449480014453
0.845 -0.19903133175297283
0.846 -0.20617888094162456
0.847 -0.21307557942345529
0.848 -0.2197102935113341
0.849 -0.2260723359775727
0.85 -0.2321514825935325
0.851 -0.2379379879809287
0.852 -0.24342260075179428
0.853 -0.2485965779150892
0.854 -0.25345169852898486
0.855 -0.2579802765789853
0.856 -0.2621751730631065
0.857 -0.2660298072664684
0.858 -0.26953816720889606
0.859 -0.27269481925021205
0.86 -0.27549491683917005
0.861 -0.2779342083932174
0.862 -0.28000904429748036
0.863 -0.2817163830126546
0.864 -0.2830537962827725
0.865 -0.2840194734350904
0.866 -0.28461222476564096
0.867 -0.2848314840053419
0.868 -0.28467730986282036
0.869 -0.2841503866414827
0.87 -0.2832520239296704
0.871 -0.28198415536406196
0.872 -0.28034933646783927
0.873 -0.27835074156644024
0.874 -0.27599215978505287
0.875 -0.27327799013333565
0.876 -0.2702132356841442
0.877 -0.26680349685434057
0.878 -0.2630549637970939
0.879 -0.2589744079162964
0.88 -0.2545691725150178
0.881 -0.24984716259118722
0.882 -0.24481683379484975
0.883 -0.2394871805626128
0.884 -0.2338677234460738
0.885 -0.22796849565213917
0.886 -0.22180002881430938
0.887 -0.21537333801514907
0.888 -0.20869990608114544
0.889 -0.20179166717228486
0.89 -0.19466098968970383
0.891 -0.18732065852566054
0.892 -0.17978385668111913
0.893 -0.17206414627713623
0.894 -0.1641754489870476
0.895 -0.15613202591735625
0.896 -0.14794845696604594
0.897 -0.13963961968768773
0.898 -0.13122066769552718
0.899 -0.12270700863141738
0.9 -0.1141142817349736
0.901 -0.105458335044036
0.902 -0.09675520225904106
0.903 -0.08802107930430704
0.904 -0.07927230061977665
0.905 -0.07052531521717106
0.906 -0.06179666253473318
0.907 -0.053102948125162495
0.908 -0.04446081921159019
0.909 -0.03588694014652093
0.91 -0.02739796780895793
0.911 -0.01901052697499988
0.912 -0.010741185697155707
0.913 -0.0026064307277314726
0.914 0.005377356978404675
0.915 0.013193926646594878
0.916 0.020827181915634332
0.917 0.028261204886636387
0.918 0.0354802799530303
0.919 0.04246891737736897
0.92 0.04921187658100398
0.921 0.05569418911316592
0.922 0.06190118126632708
0.923 0.06781849630522424
0.924 0.07343211627755837
0.925 0.078728383374851
0.926 0.08369402081259143
0.927 0.08831615319956869
0.928 0.09258232636688021
0.929 0.09648052662790639
0.93 0.09999919944139748
0.931 0.1031272674505727
0.932 0.1058541478720238
0.933 0.10816976920920177
0.934 0.11006458726612088
0.935 0.1115296004379291
0.936 0.1125563642560698
0.937 0.11313700516671844
0.938 0.11326423352231041
0.939 0.11293135576709265
0.94 0.11213228579873881
0.941 0.11086155548923916
0.942 0.10911432434949025
0.943 0.10688638832316269
0.944 0.10417418769671238
0.945 0.10097481411362208
0.946 0.09728601668221203
0.947 0.09310620716767037
0.948 0.08843446426023098
0.949 0.08327053691273259
0.95 0.07761484674210574
0.951 0.07146848949068015
0.952 0.064833235544509
0.953 0.05771152950724525
0.954 0.05010648882946305
0.955 0.042021901494636325
0.956 0.03346222276431097
0.957 0.02443257098637005
0.958 0.014938722471609359
0.959 0.004987105445123495
0.96 -0.005415206919627921
0.961 -0.01626050437492815
0.962 -0.02754044837069056
0.963 -0.039246081712393216
0.964 -0.05136783909209476
0.965 -0.06389555847837382
0.966 -0.07681849334974906
0.967 -0.09012532575494832
0.968 -0.10380418018229673
0.969 -0.11784263821925019
0.97 -0.13222775398200168
0.971 -0.1469460702940702
0.972 -0.16198363559161666
0.973 -0.177326021532221
0.974 -0.19295834128294148
0.975 -0.20886526846239833
0.976 -0.22503105671071738
0.977 -0.24143955986037283
0.978 -0.2580742526799896
0.979 -0.2749182521623746
0.98 -0.29195433932737386
0.981 -0.30916498150929284
0.982 -0.326532355097942
0.983 -0.3440383687018434
0.984 -0.361664686701387
0.985 -0.3793927531591935
0.986 -0.3972038160545521
0.987 -0.4150789518081839
0.988 -0.43299909006320136
0.989 -0.4509450386878777
0.99 -0.4688975089653811
0.991 -0.48683714093537445
0.992 -0.5047445288522963
0.993 -0.5226002467248039
0.994 -0.5403848739007766
0.995 -0.5580790206623255
0.996 -0.575663353795083
0.997 -0.5931186220961098
0.998 -0.6104256817849522
0.999 -0.6275655217823726
